2513
2513
2513
2513
2913
2513
2513
2513
2513
2513
2513
2513
2513
2513
2513
2513
2513
2513
2513
2513
2513
2513
2513
2513
2513
2513
2513
2513
2513
2513
2513
2513
2513
2513
2513
2513
2513
2513
2513
2513
2513
2513
2513
2513
2513
2513
2513
2513
25258
25259
25261
25279
25279
25279

22802
22828
22875
22876
22910
22957
22995
23013
23029
23053
23073
23074
23102
23113
23114
23128
23144
23152
23153
23155
23160
23201
23232
23233
23234
23241
23242
23243
23244
23314
23315
23317
23328
23340
23341
23345
23349
23354
23392
23432
23439
23455
23457
15315
15445
16373
19010
21728
144809
144810
144814
144834
144835
144844

25279E
253D
253D
253D
253D
253D
253D
253D
253D
253D
253D
253D
253D
253D
253D
253D
253D
253D
253D
253D
253D
253D
253D
253D
253D
253D
253D
253D
253D
253D
253D
253D
253D
253D
253D
253D
253D
253E
253E
253E
253E
253E
253
253E
253E
253E
253E
253E
253E
253E
253E
253E
253
253

144847
268
282
294
306
307
310
311
312
313
314
339
340
341
342
343
344
345
360
368
369
370
371
372
373
374
375
380
381
386
387
388
392
403
404
424
435
279
281
283
286
289
290
315
317
318
325
332
357
367
379
397
398
406

253
253
253
253
253
253
253
253
253
253
253
253
253
253
253
253
253
253
253
253
253
253
253
253
253
253
253
253
253
253
253
253
253
253
253
253
253
253
253
253
253
253
253
253
253
253
253
253
253
253
253
253
253
253

407
408
409
410
414
416
419
420
421
422
425
428
433
434
437
438
441
442
269
272
273
274
275
292
295
296
305
329
330
331
338
350
351
358
359
361
363
365
378
382
384
394
395
396
399
400
401
415
417
423
426
427
430
431
