6337E

6337
6337
6337
6337
6337
6337
6337
6337
6337
6337
6337
6337
6337
6337
6337
6337
6337
6337
6337
6337
6337
6337
6337
6337
6337
6337
6337
6337
6337
6337
6337
6337
6337
6337
6337
6337
6337
6337
6337
6337
6337
6337
6337
6337
6337
6337
6337
6337
6337
6337
6337
6337
6337

73237
73241
73246
73247
73262
73269
73272
73274
73278
73281
73302
73311
73320
73325
73326
73327
73332
73334
73342
73344
73349
73351
73356
73359
73361
73362
73365
73370
73382
73383
73391
73392
73398
73401
73402
73410
73412
73413
73416
73421
73425
73428
73429
73431
73433
73436
73437
73444
73445
73448
73449
73450
73458
73461

6337E

6337
6337
6337
6337
6337
6337
6337
6337
6337
6337
6337
6337
6337
6337
6337
6337
6337
6337
6337
6337
6337
6337
6337
6337
6337
6337
6337
6337
6337
6337
6337
6337
6337
6337
6337
6337
6337
6337
6337
6337
6337
6337
6337
6337
6337
6337
6337
6337
6337
6337
6337
6337
6337

73471
73472
73479
73491
73494
73498
73500
73507
73512
73527
73530
73539
73550
73555
73558
73559
73564
73570
73571
73572
73574
73575
73584
73591
73592
73593
73601
73602
73605
73615
73618
73619
73623
73633
73635
73636
73640
73643
73647
73649
73652
73657
73658
73659
73660
73664
73665
73669
73671
73672
73673
73675
73678
73688

6337

6337
6337
6337
6337
6337
6337
6337
6337
6337
6337
6337
6337
6337
6337
6337
6337
6337
6337
6337
6337
6337
6337
6337
6337
6337
6337
6503
6508
6508
6508
6512
6513
6513
6513
6513
6513
6513
6513
6513
6513
6513
6513
6513
6513
6513
6513
6513
6513
6513
6513
6513
6513
6513

73692
73700
73703
73705
73715
73721
73727
73735
73742
73744
73746
73748
73750
73752
73759
73760
73761
73780
73781
73790
73791
73793
73796
73798
73805
73808
73811
73836
73842
73879
73935
73998
73999
74000
74001
74002
74003
74004
74005
74006
74007
74008
74009
74010
74011
74012
74013
74014
74015
74016
74017
74018
74019
74020
