254E     1396           254     1450           254     1504
254E     1397           254     1451           254E     1505
254     1398           254     1452           254E     1506
254E     1399           254E     1453           254     1507
254E     1400           254     1454           254     1508
254E     1401           254     1455           254     1509
254     1402           254     1456           254     1510
254E     1403           254E     1457           254E     1511
254E     1404           254     1458           254     1512
254E     1405           254     1459           254E     1513
254E     1406           254     1460           254     1514
254E     1407           254     1461           254     1515
254E     1408           254     1462           254     1516
254E     1409           254     1463           254     1517
254E     1410           254     1464           254E     1518
254E     1411           254     1465           254E     1519
254E     1412           254E     1466           254     1520
254     1413           254     1467           254     1521
254E     1414           254     1468           254     1522
254E     1415           254     1469           254     1523
254E     1416           254     1470           254     1524
254E     1417           254E    1471           254E     1525
254E     1418           254     1472           254E     1526
254E     1419           254     1473           254E     1527
254E     1420           254     1474           254     1528
254     1421           254E     1475           254     1529
254     1422           254     1476           254     1530
254E     1423           254     1477           254E     1531
254E     1424           254     1478           254E     1532
254E     1425           254     1479           254E     1533
254E     1426           254     1480           254E     1534
254     1427           254     1481           254E     1535
254E     1428           254     1482           254E     1536
254E     1429           254     1483           254     1537
254E     1430           254     1484           254     1538
254E     1431           254     1485           254     1539
254E     1432           254     1486           254     1540
254E     1433           254     1487           254     1541
254     1434           254     1488           254     1542
254E     1435           254E     1489           254     1543
254     1436           254E     1490           254E     1544
254E     1437           254     1491           254E     1545
254     1438           254     1492           254     1546
254E     1439           254     1493           254     1547
254E     1440           254E    1494           254     1548
254E     1441           254     1495           254     1549
254E     1442           254E     1496           254     1550
254E     1443           254E     1497           254     1551
254E     1444           254     1498           254     1552
254E     1445           254     1499           254     1553
254E     1446           254     1500           254E     1554
254E     1447           254     1501           254E     1555
254E     1448           254     1502           254E     1556
254     1449           254     1503           254E     1557
