
===== PAGE 031 COL 1 | angle=0.40 | scale=2.6 | psm=4 =====

===== PAGE 031 COL 2 | angle=0.40 | scale=2.6 | psm=4 =====
110
111
112
113
114
115
116
118
120
121
122
123
124
125
126
127
132
133
135
136
137
138
139
140
141
142
143
144
145
146

===== PAGE 031 COL 3 | angle=0.40 | scale=2.6 | psm=4 =====
147
149
150
151
175
176

2
130
134
159
164
165
166
167
168
169
170
172
173
174
180
183
30915
30916
30919
30928
30930
30935
30937
30942
30966
30969
30988
30990
30997
30999
31015
31025
31030
31040
31042
31043
31048
31055
31063
31067
31069
31071
31073
31082
31091
31097

2
