
===== PAGE 102 COL 1 | angle=0.80 | scale=2.6 | psm=4 =====
30206
30206
30206
30206
30206
30206
30206
30206
30206
30206
30206
30206
30206
30206
30206
30206
30206
30206
30206
30540
30549
30629
30658
30658
30658
30658
30658
30658
30658
30658
30658
30658
30658
30658
30658
30658
30658
30658
30658
30658
30658
30658
30658
30658
30673
30705
30714
31033
31043
31157
31157
31174
31362
31466

===== PAGE 102 COL 2 | angle=0.80 | scale=2.6 | psm=4 =====
5826           31616E     6496

5827           31697E     6912
5828           31762E     6857
5829           31762E     6926
5830           31762E     6956
5831           31822E     6937
5832           31831E     7094
5833           31834E     7493
5834           31834E     7525
9835           31834E     8564
5836           31854E     7281
5837           31922E     7546
5838           32004E     6988
5839           32004E    6993
5840           32004E     7121
5841           32004E     7373
5842           32004E     7376
5843           32004E     7912
5932           32009E     7754
4900           32237E     9632
5065           32281E     8251
5879           32397E     8654
4911           32397E     8739
6074           32397E     8743
6076           32397E     8758
6079           32397E     8761
6080           32397E     8764
6082           32397E     8765
6102           32397E     8783
6103           32397E     8788
6104           32397E     8793
6105           32397E     8797
6106           32397E     8833
6108           32397E     8865
6142           32397E     8875
6150           32397E    8891
6151           32397E     8964
6152           32397E     8987
6153           32397E     9123
6154           32397E     9152
6156           32397E     9170
6340           32403E     8247
8337           32403E     9336
8358           32403G     7780
6242           32410E     7858
5077           32505E     9683
6312           32747E     9641
6618           32769E     9647
7080           32769E     9650
5090           32769E     9973
9093           32797E     10306
6420           32940D     10090
6479           32940D     10254

6518           32940E     10168

===== PAGE 102 COL 3 | angle=0.80 | scale=2.6 | psm=4 =====
33079
33079
33131
33131
33131
33291
33291
33291
33291
33291
33291
34719
34722
35016
35026
35032
35040
8232
8234
8234
8367
8367
8449
8798
9579
9579
9580
9580

10423
10443
10493
10501
10616
10891
10901
10905
10982
10988
10998
13578
14008
14569
14072
14966
14233
213
219
240
294
295
379
427
834
835
783
766
