
===== PAGE 026 COL 1 | angle=0.60 | scale=2.6 | psm=4 =====
254
254
254
254
254
254
254
254
254
254
254
254
254
254
254
254
254
254
254
254
254
254
254
254
254
254
254
254
254
254
254
254
254
254
254
254
254
254
254
254
254
254
254
254
254
254
254
254
254
254
254
254
254
254

===== PAGE 026 COL 2 | angle=0.60 | scale=2.6 | psm=4 =====
1396           254   E     1450

1397           254     1451
1398           254     1452
1399           254     1453
1400           254     1454
1401           254     1455
1402           254     1456
1403           254     1457
1404           254     1458
1405           254E     1459
1406           254     1460
1407           254E     1461
1408           254E     1462
1409           254     1463
1410           254     1464
1411           254     1465
1412           254     1466
1413           254E     1467
1414           254     1468
1415           254     1469
1416           254E     1470
1417           254E    1471
1418           254E     1472
1419           254     1473
1420           254     1474
1421           254     1475
1422           254E     1476
1423           254E     1477
1424           254     1478
1425           254E     1479
1426           254E     1480
1427           254E     1481
1428           254     1482
1429           254     1483
1430           254     1484
1431           254     1485
1432           254E     1486
1433           254     1487
1434           254     1488
1435           254E     1489
1436           254     1490
1437           254E     1491
1438           254     1492
1439           254     1493
1440           254E    1494
1441           254E     1495
1442           254     1496
1443           254     1497
1444           254     1498
1445           254     1499
1446           254     1500
1447           254E     1501
1448           254     1502

1449           254E     1503

===== PAGE 026 COL 3 | angle=0.60 | scale=2.6 | psm=4 =====
254E     1504

254E     1505
254   E     1506
254   E     1507
254E     1508
254   E     1509
254E     1510
254E     511
254E     1512
254   E     1513
254   E     1514
254E     1515
254E     1516
254   E     1517
254   E     1518
254   E     1519
254   E     1520
254E     1521
254E     1522
254E     1523
254E     1524
254E     1525
254E     1526
254   E     1527
254   E     1528
254E     1529
254   E     1530
254E     1531
254E     1532
254E     1533
254E     1534
254E     1535
254E     1536
254   E     1537
254E     1538
254     1539
254   E     1540
254   E     1541
254E     1542
254E     1543
254E     1544
254E     1545
254E     1546
254E     1547
254   E     1548
254   E     1549
254E     1550
254     1551
254E     1552
254E     1553
254   E     1554
254E     1555
254E     1556

254E     1557
