
===== PAGE 022 COL 1 | angle=0.00 | scale=2.6 | psm=4 =====
254
254
254
254
254
254
254
254
254
254
254
254
254
254
254
254
254
254
254
254
254
254
254
254
254
254
254
254
254
254
254
254
254
254
254
254
254
254
254
254
254
254
254
254
254
254
254
254
254
254
254
254
254
254

===== PAGE 022 COL 2 | angle=0.00 | scale=2.6 | psm=4 =====
673            254E     737

674            294E     740
675            254E     741
676            254E     742
677            254E     743
678            254E    745
681            254E     751
682            254     754
683            254E     755
684            254E     756
685            254E     761
686            254E     762
687            254E     763
688            254E     764
689            294E     765
691            254E     766
692            254E     767
693            254E     768
694            254E     769
695            254E     770
697            254E     771
698            254E     772
699            254E     773
700            254E     774
701            254E     7715
702            254E     776
703            254E     77
704            254     778
705            254E    779
706            254E     780
707            254E     781
708            254E     782
709            254E     783
712            254E     784
713            254E     785
714            254E     786
715            254E     787
716            254E     788
717            254E     789
718            254E     790
719            254E     791
720            254E     792
721            254E     793
722            254E     794
724            2094E     795
725            254     796
726            254E     797
727            254E     798
728            254E     799
732            254E     800
733            254E    801
734            254E     802
735            294E     803

736            254E     804

===== PAGE 022 COL 3 | angle=0.00 | scale=2.6 | psm=4 =====
254
294
254
254
254
254
254
254
254
254
254
254
254
254
254
254
254
254
254
254
254
254
254
254
254
254
254
254
254
254
254
254
254
254
254
254
254
254
254
254
254
254
254
254
294
254
254
254
254
254
254
254
254
254

805
806
807
808
809
810
811
812
813
814
815
816
817
818
819
820
821
822
823
824
825
826
827
828
829
830
832
833
834
835
836
837
838
839
841
842
843
844
845
846
847
848
850
851
852
853
854
856
857
858
859
860
861
862
