
===== PAGE 030 COL 1 | angle=0.60 | scale=2.6 | psm=4 =====
3386
3386
34209
344
3444
346
346
346
346
346
346
346
346
346
3464
3464
3464
3464
3464
3464
3464
3464
3464
3464
3464
3464
3464
3464
3464
3464
34719
3482
3482
3482
3482
3482
3482
3482
3482
3482
3482
3482
3482
3482
3482
3482
3482
3482
3482
3482
3482
3482
3482
3482

===== PAGE 030 COL 2 | angle=0.60 | scale=2.6 | psm=4 =====
27827          3488E     29669

27834          3488E     29678
168697         3488E     29679
1811           3488E     29712
27866          3488E     29784
1812           3488E     29787
1814           3488E     29799
1816           3488E     29810
1817           3488E     29812
1819           3488E     29813
1820           3574G     29856
1821           3588E     30062
1825           3588E     30139
1826           3588E     30156
28008          3588E     30186
28042          3588E    30191
28210          3588E     30224
28293          3588E     30268
28385          3588E     30285
28510          3588E     30302
28557          3588E     30308
28772          3614D     1827

28790          3659E     29861
28816          3663E     29865
28918          3663E     29867
28938          3665E     30408
29116          3665E     30471
29154          3665E     30492
29205          3682E     30553
29248          3749E     30579
169556         3749E     30599
29402          3749E     30601
29462          3749E     30602
29489          3749E     30611
29490          3749E     30613
29500          3749E     30617
29514          3749E     30618
29528          3749E     30623
29529          3749E    30649
29536          3749E     30652
29537          3749E     30655
29543          3749E     30657
29545          3749E     30658
29547          3749E     30661
29561          3749E     30677
29592          3749E     30683
29614          3749E     30691
29619          3749E     30698
29629          3749E     30713
29633          3749E     30722
29642          3749E     30724
29643          3749E     30729
29644          3749E     30733

29645          3749G     30644

===== PAGE 030 COL 3 | angle=0.60 | scale=2.6 | psm=4 =====
30684
30695
30740
30753
30754
30756
30786
30789
30795
30799
30814
30853
30874

102
152
153
154
155
157
160
161
162
163
177
