
===== PAGE 011 COL 1 | angle=-0.40 | scale=2.6 | psm=4 =====
1739
1739
1739
1739
1739
1739
1739
1739
1739
1739
1739
1739
1739
1739
1739
1739
1739
1739
1739
1739
1739
1739
1739
1739
1739
1739
1747
17495
17499
1755
1755
1755
1755
1755
1755
1755
1755
1755
1755
1755
1756
1757
17626
17626
17626
17626
17626
178
17991
17991
17991
17993
17993
17993

===== PAGE 011 COL 2 | angle=-0.40 | scale=2.6 | psm=4 =====
8766           17993E     137110

8767           17993E    137114
8770           17993E     137178
8774           17993G     137078
8799           17994E     155977
8807           17994E     156318
8813           17994E     156319
8817           17994E     156327
8839           17994E     156328
8842           17994E     156797
8848           17994E     157369
8849           17994E     157378
8858           17994E     157434
8918           17994E     158687
8920           17994E     159379
8941           17994E     159384
8942           17994E     159392
8947           17994E     161507
8992           17994E     161598
8995           17994E     161974
9005           17994E     162098
9021           17994E     163198
9024           17994E     163229
9029           17994E    163618
9033           17994E     163619
9034           17994E     163735
9038           17994E     163996
136315         17994E     164928
136417         17994E     165144
9064           17994E     165801
9065           17994G     164976
9066           18131E     142468
9067           18213E     137597
9068            1822E     9099

9069            1822E     9102

9071            1822E     9105

9072            1822E     9110

9073            1849E     9116

9059           18758E     137824
9062           18764E     137844
9074           18765E     137845
9077           18855E     138028
138820         18855E     138147
138874         18855E     138148
138884         18855E     138332
138897         18867E     138346
138910           190D    257

256              190D     258

136790           190D     259

136878           190D     260

136818           190D     261

136983           190D     262

137092           190D     263

137093           190D     264

===== PAGE 011 COL 3 | angle=-0.40 | scale=2.6 | psm=4 =====
192
19230
19261
19261
19261
19297
19297
19297
19297
19297
19297
19297
19297
19297
19297
19297

1932
1932
1932
1932
1932
1932
1932
1932
1932
1932
1932
1932
1932
1932
1932
1932
1932
19649
1979
1979
1979
1979
1979
1979
1979
1983
1983
1983
1983
1983
1983
1983
1983
1983
1983
1983
1983
1983

265
140315
138599
138604
138637
138589
138590
138943
139015
139021
139037
139046
139054
139159
139235
139368
9139
9140
9141
9143
9144
9145
9147
9148
9151
9152
9153
9155
9156
9146
9149
9150
9154
139518
9191
9205
9336
9340
9359
9364
9373
9644
9469
9470
9471
9474
9492
9519
9550
9551
9710
9713
9720
9721
