
===== PAGE 071 COL 1 | angle=0.80 | scale=2.6 | psm=4 =====
6664
6664
6664
6664
6665
6665
6665
6665
6665
6665
6665
6665
6666
6666
6666
6666
6666
6666
6666
6666
6666
6666
6666
6666
6666
6666
6666
6666
6666
6666
6666
6666
6666
6666
6666
6666
6666
6666
6666
6666
6666
6666
6666
6666
6666
6666
6666
6666
6666
6666
6666
6666
6666
6666

===== PAGE 071 COL 2 | angle=0.80 | scale=2.6 | psm=4 =====
82433          6666E     82730

82458          6666E     82732
82460          6666E     82740
82490          6666E     82741
82493          6666E     82742
82496          6666E     82747
82497          6666E     82748
82498          6666E     82749
82499          6666E     82755
82511          6666E     82756
82512          6666E     82757
82518          6666E     82767
82543          6666E     82768
82545          6666E     82769
82555          6666E     82773
82557          6666E     82776
82561          6666E     82787
82572          6666E    82791
82577          6666E     82792
82578          6666E     82796
82581          6666E     82802
82588          6666E     82807
82590          6666E     82816
82591          6666E     82823
82593          6666E     82835
82601          6666E     82845
82605          6666E     82846
82630          6666E     82848
82638          6666E     82856
82641          6666E     82863
82643          6666E     82874
82645          6666E     82881
82647          6666E     82883
82651          6666E     82886
82653          6666E     82889
82654          6666E     82890
82662          6666E     82891
82669          6666E     82893
82670          6666E     82901
82676          6666E     82904
82679          6666E    82907
82682          6666E     82914
82685          6666E     82918
82688          6666E     82920
82690          6666E     82922
82701          6666E     82929
82704          6666E     82937
82711          6666E     82940
82712          6666E     82948
82713          6666E     82950
82715          6666E     82956
82722          6666E     82963
82725          6666E     82969

82728          6666E     82970

===== PAGE 071 COL 3 | angle=0.80 | scale=2.6 | psm=4 =====
6666
6666
6666
6666
6666
6666
6666
6666
6666
6666
6666
6666
6666
6666
6666
6666
6666
6666
6666
6666
6666
6666
6666
6666
6666
6666
6666
6666
6666
6666
6666
6666
6666
6666
6666
6666
6666
6666
6666
6666
6666
6666
6666
6666
6666
6666
6666
6666
6666
6666
6666
6666
6666
6666

82974
82976
82980
82987
82993
83006
83008
83009
83011
83013
83014
83016
83040
83043
83045
83048
83052
83053
83058
83059
83063
83065
83069
83080
83083
83094
83095
83096
83099
83100
83101
83103
83106
83109
83113
83114
83128
83138
83140
83143
83146
83147
83149
83151
83155
83161
83165
83170
83176
83182
83184
83194
83195
83197
