
===== PAGE 081 COL 1 | angle=0.00 | scale=2.6 | psm=4 =====
7166
7166
7166
7166
7166
7166
7166
7166
7166
7166
7166
7166
7166
7166
7166
7166
7166
7166
7166
7166
7166
7166
7166
7166
7166
7166
7166
7166
7166
7166
7166
7166
7166
7166
7166
7166
7166
7166
7166
7166
7166
7166
7166
7166
7166
7166
7166
7166
7166
7166
7166
7166
7166
7166

===== PAGE 081 COL 2 | angle=0.00 | scale=2.6 | psm=4 =====
92948          7166E     93131

92958          7166E     93134
92960          7166E     93146
92963          7166E     93147
92964          7166E     93149
92966          7166E     93150
92967          7166E     93158
92970          7166E     93161
92974          7166E     93163
92983          7166E     93165
92991          7166E     93170
92994          7166E     93171
92995          7166E     93181
93003          7166E     93189
93005          7166E     93191
93013          7166E     93193
93015          7166E    93196
93017          7166E     93198
93023          7166E     93199
93026          7166E     93200
93027          7166E     93203
93038          7166E     93204
93041          7166E     93205
93042          7166E     93212
93045          7166E     93222
93046          7166E     93225
93050          7166E     93234
93052          7166E     93238
93056          7166E     93240
93057          7166E     93244
93061          7166E     93248
93066          7166E     93253
93067          7166E     93262
93068          7166E     93272
93071          7166E     93286
93075          7166E     93289
93079          7166E     93291
93080          7166E     93296
93085          7166E     93299
93086          7166E    93301
93087          7166E     93307
93094          7166E     93317
93097          7166E     93321
93098          7166E     93325
93099          7166E     93326
93101          7166E     93327
93105          7166E     93328
93106          7166E     93331
93108          7166E     93336
93109          7166E     93340
93122          7166E     93343
93123          7166E     93345
93128          7166E     93351

93130          7166E     93355

===== PAGE 081 COL 3 | angle=0.00 | scale=2.6 | psm=4 =====
7166
7166
7166
7166
7166
7166
7166
7166
7166
7166
7166
7166
7166
7166
7166
7166
7166
7166
7166
7166
7166
7166
7166
7166
7166
7166
7166
7166
7166
7166
7166
7166
7166
7166
7166
7166
7166
7166
7166
7166
7166
7166
7166
7166
7166
7166
7166
7166
7166
7166
7166
7166
7166
7166

93370
93376
93381
93383
93384
93388
93389
93392
93396
93397
93402
93403
93413
93419
93424
93434
93440
93442
93443
93444
93445
93448
93454
93455
93462
93471
93473
93474
93475
93480
93481
93482
93484
93486
93491
93497
93498
93500
93510
93511
93513
93516
93519
93524
93529
93534
93537
93538
93540
93543
93545
93548
93552
93555
