
===== PAGE 021 COL 1 | angle=0.40 | scale=2.6 | psm=4 =====
253
253
253
25364
254
254
254
254
254
254
254
254
254
254
254
254
254
254
254
254
254
254
254
254
254
294
254
254
254
254
254
254
254
254
254
254
254
254
254
254
254
254
254
254
254
254
254
254
254
254
254
254
254
254

===== PAGE 021 COL 2 | angle=0.40 | scale=2.6 | psm=4 =====
432
439
444
144859
445
483
486
1675
446
447
448
449
450
451
452
453
454
457
464
467
471
474
475
476
488
493
498
504
505
506
507
508
511
512
513
517
521
523
524
525
327
528
531
535
536
537
538
541
544
545
553
558
562
364

254
254
254
254
254
254
254
254
254
254
254
254
254
254
254
254
254
254
254
254
254
254
254
254
254
254
254
254
254
254
254
254
254
254
254
254
254
254
254
254
254
254
254
254
254
254
254
254
254
254
254
254
254
254

565
566
567
568
569
570
571
572
373
574
575
576
317
578
579
580
581
582
583
584
5985
586
587
588
589
590
591
592
593
394
595
596
397
598
599
600
601
602
603
604
605
606
607
608
609
610
611
612
613
614
615
616
617
618

===== PAGE 021 COL 3 | angle=0.40 | scale=2.6 | psm=4 =====
254
254
254
254
254
254
254
254
254
254
254
254
254
254
254
254
254
254
254
254
254
254
254
254
254
254
254
254
254
254
254
254
294
254
254
254
254
254
254
254
254
254
254
254
254
254
254
254
254
254
254
254
254
254

619
620
621
622
623
624
625
626
627
628
629
630
631
632
633
634
635
636
637
638
639
640
641
642
643
644
645
646
647
648
649
650
651
652
653
654
655
656
657
658
659
660
661
662
663
664
665
666
667
668
669
670
671
672
