
===== PAGE 051 COL 1 | angle=0.20 | scale=2.6 | psm=4 =====
6021
6021
6021
6021
6021
6021
6021
6021
6021
6021
6021
6021
6021
6021
6021
6021
6021
6021
6021
6021
6021
6021
6021
6021
6021
6021
6021
6021
6021
6021
6021
6021
6021
6021
6021
6021
6021
6021
6021
6021
6021
6021
6021
6021
6021
6021
6021
6021
6021
6021
6021
6021
6021
6021

===== PAGE 051 COL 2 | angle=0.20 | scale=2.6 | psm=4 =====
62790          6021E     63001

62792          6021E    63002
62793          6021E     63003
62798          6021E     63006
62801          6021E     63010
62802          6021E     63011
62805          6021E     63013
62807          6021E     63014
62808          6021E     63017
62809          6021E     63019
62811          6021E     63022
62824          6021E     63026
62830          6021E     63031
62831          6021E     63037
62834          6021E     63040
62835          6021E     63041
62836          6021E     63055
62854          6021E     63062
62855          6021E     63070
62857          6021E     63073
62861          6021E     63074
62863          6021E     63075
62867          6021E     63080
62871          6021E     63088
62882          6021E    63097
62883          6021E     63101
62884          6021E     63114
62893          6021E     63116
62898          6021E     63121
62903          6021E     63122
62904          6021E     63124
62906          6021E     63125
62909          6021E     63129
62914          6021E     63134
62920          6021E     63136
62921          6021E     63139
62927          6021E     63140
62931          6021E     63145
62934          6021E     63147
62940          6021E     63149
62951          6021E     63150
62954          6021E     63152
62955          6021E     63156
62957          6021E     63159
62960          6021E     63168
62962          6021E     63172
62965          6021E    63176
62967          6021E     63180
62977          6021E     63185
62980          6021E     63186
62987          6021E     63188
62992          6021E     63191
62994          6021E     63199

62997          6021E     63201

===== PAGE 051 COL 3 | angle=0.20 | scale=2.6 | psm=4 =====
6021
6021
6021
6021
6021
6021
6021
6021
6021
6021
6021
6021
6021
6021
6021
6021
6021
6021
6021
6021
6021
6021
6021
6021
6021
6021
6021
6021
6021
6021
6021
6021
6021
6021
6021
6021
6021
6021
6021
6021
6021
6021
6021
6021
6021
6021
6021
6021
6021
6021
6021
6021
6021
6021

63204
63207
63214
63220
63223
63227
63234
63235
63239
63245
63253
63254
63260
63263
63267
63269
63271
63281
63295
63296
63297
63301
63305
63308
63312
63313
63320
63322
63334
63335
63340
63344
63345
63346
63347
63349
63351
63367
63369
63370
63372
63373
63376
63381
63382
63383
63385
63393
63398
63403
63404
63407
63411
63414
