
===== PAGE 087 COL 1 | angle=0.40 | scale=2.6 | psm=4 =====
7623
7623
7623
7623
7623
7623
7623
7623
7623
7623
7623
7623
7623
7623
7623
7623
7623
7623
7623
7623
7623
7623
7623
7623
7623
7623
7623
7623
7623
7623
7623
7623
7623
7623
7623
7623
7623
7623
7623
7623
7623
7623
7623
7623
7623
7623
7623
7623
7623
7623
7623
7623
7623
7623

===== PAGE 087 COL 2 | angle=0.40 | scale=2.6 | psm=4 =====
98380           7623E      98597

98395          7623E     98611
98399          7623     98613
98407          7623     98619
98410          7623E     98623
98415          7623     98626
98416          7623E     98633
98417          7623E     98637
98422          7623E     98644
98425          7623     98654
98429          7623     98659
98431          7623     98661
98435          7623E     98663
98438          7623E     98672
98439          7623E    98675
98444          7623     98679
98449          7623     98681
98452          7623E     98682
98454          7623     98692
98456          7623E     98693
98459          7623E     98694
98461          7623     98698
98462          7623     98706
98465          7623     98712
98472          7623E     98725
98473          7623E     98729
98476          7623E     98735
98484          7623     98738
98490          7623     98743
98492          7623     98748
98493          7623E     98751
98501          7623E     98752
98502          7623E     98770
98504          7623     98775
98511          7623E     98777
98514          7623E     98783
98528          7623E     98787
98530          7623E    98792
98533          7623E     98793
98541          7623     98798
98545          7623E     98799
98546          7623     98810
98549          7623     98816
98550          7623     98820
98552          7623E     98822
98555          7623E     98823
98557          7623     98824
98560          7623E     98825
98562          7623E     98845
98572          7623     98846
98582          7623E     98852
98586          7623     98855
98590          7623     98859

98595            7623E      98875

===== PAGE 087 COL 3 | angle=0.40 | scale=2.6 | psm=4 =====
7623E     98884

7623E     98886
7623E     98887
7623E     98893
7623E     98900
7623E     98905
7623E     98908
7623E     98911
7623E     98913
7623E     98914
7623E     98915
7623E     98926
7623E     98932
7623E     98958
7623E     98962
7623E     98969
7623E     98975
7623E     99004
7623E     99021
7623E     99026
7623E     99031
7623E     99045
7623E     99057
7623E     99062
7623E     99070
7623E     99072
76236E     99094
7623E     99105
7623E     99114
7623E     99115
7623E     99126
7623E     99140
7623E     99144
7623E     99152
7623E     99162
7623E     99187
7623E     99190
7623E     99193
7623E     99195
7623E     99206
7623E     99216
7623E     99221
7623E     99229
7623E     99230
7623E     99239
7623E     99276
7623E     99280
7623E     99302
7623E     99303
7623E     99319
7623E     99326
7623E     99358
7623E     99359

7623E     99371
