
===== PAGE 061 COL 1 | angle=-1.20 | scale=2.6 | psm=4 =====
6337
6337
6337
6337
6337
6337
6337
6337
6337
6337
6337
6337
6337
6337
6337
6337
6337
6337
6337
6337
6337
6337
6337
6337
6337
6337
6337
6337
6337
6337
6337
6337
6337
6337
6337
6337
6337
6337
6337
6337
6337
6337
6337
6337
6337
6337
6337
6337
6337
6337
6337
6337
6337
6337

===== PAGE 061 COL 2 | angle=-1.20 | scale=2.6 | psm=4 =====
73237          6337E     73471

73241          6337E     73472
73246          6337E     73479
73247          6337E     73491
73262          6337E    73494
73269          6337E     73498
73272          6337E     73500
73274          6337E     73507
73278          6337E     73512
73281          6337E     73527
73302          6337E     73530
73311          6337E     73539
73320          6337E     73550
73325          6337E     73555
73326          6337E     73558
73327          6337E     73559
73332          6337E     73564
73334          6337E     73570
73342          6337E     73571
73344          6337E     73572
73349          6337E     73574
73351          6337E     73575
73356          6337E     73584
73359          6337E     73591
73361          6337E     73592
73362          6337E     73593
73365          6337E     73601
73370          6337E    73602
73382          6337E     73605
73383          6337E     73615
73391          6337E     73618
73392          6337E     73619
73398          6337E     73623
73401          6337E     73633
73402          6337E     73635
73410          6337E     73636
73412          6337E     73640
73413          6337E     73643
73416          6337E     73647
73421          6337E     73649
73425          6337E     73652
73428          6337E     73657
73429          6337E     73658
73431          6337E     73659
73433          6337E     73660
73436          6337E     73664
73437          6337E     73665
73444          6337E     73669
73445          6337E     73671
73448          6337E    73672
73449          6337E     73673
73450          6337E     73675
73458          6337E     73678

73461          6337E     73688

===== PAGE 061 COL 3 | angle=-1.20 | scale=2.6 | psm=4 =====
6337
6337
6337
6337
6337
6337
6337
6337
6337
6337
6337
6337
6337
6337
6337
6337
6337
6337
6337
6337
6337
6337
6337
6337
6337
6337
6337
6503
6508
6508
6508
6512
6513
6513
6513
6513
6513
6513
6513
6513
6513
6513
6513
6513
6513
6513
6513
6513
6513
6513
6513
6513
6513
6513

73692
73700
73703
73705
73715
73721
73727
73735
73742
73744
73746
73748
73750
73752
73755
73760
73761
73780
73781
73790
73791
73793
73796
73798
73805
73808
73811
73836
73842
73879
73935
73998
73999
74000
74001
74002
74003
74004
74005
74006
74007
74008
74009
74010
74011
74012
74013
74014
74015
74016
74017
74018
74019
74020
