
===== PAGE 091 COL 1 | angle=-0.40 | scale=2.6 | psm=4 =====
8576

8576

8576

8576

8576

8576

8576

8576

8576

8576

8576

8576

8576

8576
8576
8576
8576
8576
8593
8614
8614
8614
8614
8614
8614
8614
8614
8614
8614
8614
8614
8614
8614
8614
8614
8614
8614
8614
8614
8614
8614
8614
8614
8614
8614
8614
8614
8614
8614
8614
8614
8614
8614
8614

===== PAGE 091 COL 2 | angle=-0.40 | scale=2.6 | psm=4 =====
103661         8614E     104336

103678         8614E     104348
103680         8614E     104350
103709         8614E     104367
103751         8614E     104369
103791         8614E     104382
103821         8614E    104395
103911         8614E     104408
103947         8614E     104409
103953         8614E     104414
103967         8614E     104420
103978         8614E     104421
103979         8614E     104423
104002         8614E     104424
104030         8614E     104427
104035         8614E     104437
104048         8614E     104465
104050         8614E     104471
106164         8614E     104477
104087         8614E     104478
104095         8614E     104479
104100         8614E     104482
104104         8614E     104484
104107         8614E     104493
104113         8614E     104504
104114         8614E     104513
104118         8614E     104547
104123         8614E     104549
104143         8614E     104554
104150         8614E    104563
104160         8614E     104568
104161         8614E     104578
104175         8614E     104581
104178         8614G     104085
104190         8614G     104088
104195         8614G     104093
104197         8614G     104094
104198         8614G     104121
104200         8614G     104167
104202         8614G     104235
104206         8614G     104245
104211         8614G     104272
104218         8614G     104289
104228         8614G     104295
104242         8614G     104311
104244         8614G     104319
104260         8614G     104323
104262         8614G     104329
104269         8614G     104442
104277         8614G     104450
104284         8614G     104498
104305         8614G    104516
104307         8614G     104584

104318         8614G     104600

===== PAGE 091 COL 3 | angle=-0.40 | scale=2.6 | psm=4 =====
8623
8623
8623
8623
8623
8623
8623
8623
8623
8623
8623
8623
8623
8623
8623
8623
8623
8623
8623
8623
8623
8623
8623
8623
8623
8623
8623
8623
8623
8623
8623
8623
8623
8623
8623
8623
8623
8623
8623
8623
8623
8623
8623
8623
8623
8623
8623
8623
8623
8623
8623
8623
8623
8623

104603
104617
104626
104631
104636
104643
104645
104647
104649
104661
104670
104674
104679
104680
104682
104688
104689
104696
104704
104720
104721
104726
104727
104730
104737
104752
104754
104765
104768
104770
104777
104778
104781
104783
104786
104790
104794
104797
104806
104810
104812
104813
104824
104827
104828
104837
104840
104850
104852
104860
104864
104866
104867
104868
